GKD-b_1_n25_m2 25 2 0.0
GKD-b_2_n25_m2 25 2 0.0
GKD-b_3_n25_m2 25 2 0.0
GKD-b_4_n25_m2 25 2 0.0
GKD-b_5_n25_m2 25 2 0.0
GKD-b_6_n25_m7 25 7 12.71796
GKD-b_7_n25_m7 25 7 14.09875
GKD-b_8_n25_m7 25 7 16.76119
GKD-b_9_n25_m7 25 7 17.06921
GKD-b_10_n25_m7 25 7 23.26523
GKD-b_11_n50_m5 50 5 1.9261
GKD-b_12_n50_m5 50 5 2.12104
GKD-b_13_n50_m5 50 5 2.36231
GKD-b_14_n50_m5 50 5 1.6632
GKD-b_15_n50_m5 50 5 2.85313
GKD-b_16_n50_m15 50 15 42.74578
GKD-b_17_n50_m15 50 15 48.10761
GKD-b_18_n50_m15 50 15 43.19609
GKD-b_19_n50_m15 50 15 46.41245
GKD-b_20_n50_m15 50 15 47.71511
GKD-b_21_n100_m10 100 10 13.83202
GKD-b_22_n100_m10 100 10 13.66434
GKD-b_23_n100_m10 100 10 15.34538
GKD-b_24_n100_m10 100 10 8.64064
GKD-b_25_n100_m10 100 10 17.20051
GKD-b_26_n100_m30 100 30 168.72959
GKD-b_27_n100_m30 100 30 127.09726
GKD-b_28_n100_m30 100 30 106.37919
GKD-b_29_n100_m30 100 30 137.45316
GKD-b_30_n100_m30 100 30 127.47974
GKD-b_31_n125_m12 125 12 11.74514
GKD-b_32_n125_m12 125 12 18.78893
GKD-b_33_n125_m12 125 12 18.5316
GKD-b_34_n125_m12 125 12 19.48833
GKD-b_35_n125_m12 125 12 18.11242
GKD-b_36_n125_m37 125 37 155.43477
GKD-b_37_n125_m37 125 37 198.89462
GKD-b_38_n125_m37 125 37 187.96703
GKD-b_39_n125_m37 125 37 168.5902
GKD-b_40_n125_m37 125 37 178.19374
GKD-b_41_n150_m15 150 15 23.34608
GKD-b_42_n150_m15 150 15 26.7895
GKD-b_43_n150_m15 150 15 26.75447
GKD-b_44_n150_m15 150 15 25.93559
GKD-b_45_n150_m15 150 15 27.77301
GKD-b_46_n150_m45 150 45 227.74931
GKD-b_47_n150_m45 150 45 228.6029
GKD-b_48_n150_m45 150 45 226.74534
GKD-b_49_n150_m45 150 45 226.40961
GKD-b_50_n150_m45 150 45 248.85662 